35,70
35,69
35,68
35,67
35,66
35,65
35,64
0,451
35,39
35,38
0,450
0,449
35,37
35,36
35,35
35,34
0,448
0,527
0,447
0,446
0,445
0,444
0,443
0,442
0,441
35,33
35,32
35,31
35,30
0,440
0,439
35,29
35,28
0,438
0,437
35,27
35,26
35,25
35,24
0,436
35,23
35,22
35,21
35,20
35,19
35,18
45,36
0,435
0,434
0,433
45,35
33,1
33,260
33,259
33,258
33,257
33,256
33,255
33,254
33,253
33,252
33,251
33,250
33,249
33,248
33,247
33,246
33,245
33,244
33,243
33,242
33,241
33,240
33,239
33,238
33,237
33,236
33,235
33,234
33,233
33,232
33,231
33,230
33,229
33,228
33,227
33,226
33,225
33,224
33,223
33,222
33,221
33,220
33,219
33,218
33,217
33,216
33,215
33,214
33,213
33,212
33,211
33,210
33,209
33,208
33,207
33,206
33,205
33,204
33,203
20,2
33,202
33,201
20,1
33,200
20,3
33,199
33,198
33,197
33,196
33,195
33,194
33,193
33,192
33,191
33,190
33,189
33,188
33,187
33,186
19,2
33,185
19,1
33,184
19,3
33,183
33,182
33,181
33,180
33,179
33,178
33,177
33,176
33,175
33,174
33,173
33,172
33,171
33,170
33,169
33,168
33,167
33,166
33,165
33,164
33,163
33,162
33,161
33,160
33,159
33,158
33,157
33,156
33,155
33,154
33,153
33,152
33,151
33,150
33,149
33,148
33,147
33,146
33,145
33,144
33,143
33,142
18,1
33,141
